Configs 
only 50 unique pages are used out of total 100 pages and there are total 120 page requests made
swap space size is sufficient 
write a request sequences which perform well on
RANDOM page eviction
FIFO page eviction
LRU page eviction

./main 100 10 50 req1.dat
./main 100 20 50 req1.dat
./main 100 30 50 req1.dat
./main 100 40 50 req1.dat
./main 100 50 50 req1.dat

req1.dat
1 10 32 2 12 5 2 16 9 30 21 35 6 8 7 17 22 38 45 53 43 10 8 20 30 16 18 56 60 57 53 27 35 24 32 13 17 4 5 18 20 52 28 25 18 9 19 3 31 59 11 6 23 28 37 48

creq1.dat
1 2 3 4 5 6 7 8 9 10 11 12 13 14 15 16 17 18 19 20 21 22 23 24 25 26 27 28 29 30 31 32 33 34 35 36 37 38 39 40 41 42 43 44 45 46 47 48 49 50 1 2 3 4 5 6 7 8 9 10 11 12 13 14 15 16 17 18 19 20 21 22 23 24 25 26 27 28 29 30 31 32 33 34 35 36 37 38 39 40 41 42 43 44 45 46 47 48 49 50 1 2 3 4 5 6 7 8 9 10 11 12 13 14 15 16 17 18 19 20 21 22 23 24 25 26 27 28 29 30 31 32 33 34 35 36 37 38 39 40 41 42 43 44 45 46 47 48 49 50

creq2.dat
1 2 3 4 5 6 7 8 9 10 11 12 13 14 15 16 17 18 19 20 21 22 23 24 25 26 27 28 29 30 31 32 33 34 35 36 37 38 39 40 41 42 43 44 45 46 47 48 49 50 1 2 3 4 5 6 7 8 9 10 11 12 13 14 15 16 17 18 19 20 21 22 23 24 25 26 27 28 29 30 31 32 33 34 35 36 37 38 39 40 41 42 43 44 45 46 47 48 49 50 1 2 3 4 5 6 7 8 9 10 11 12 13 14 15 16 17 18 19 20 21 22 23 24 25 26 27 28 29 30 31 32 33 34 35 36 37 38 39 40 41 42 43 44 45 46 47 48 49 50 1 2 3 4 5 6 7 8 9 10 11 12 13 14 15 16 17 18 19

creq3.dat
1 2 3 4 5 1 6 7 8 9 10 2 11 12 13 14 3 15 16 17 4 18 19 20 5 1 2 21 6 22 7 8 9 10 11 12 23 13 14 15 3 24 16 17 18 19 25 20 26 5 1 2 27 21 6 22 7 8 28 9 10 11 12 29 23 13 14 15 3 30 24 16 17 18 19 25 20 26 5 1 2 27 21 6 22 7 31 8 28 9 10 11 32 12 29 23 13 14 15 3 30 24 16 17 18 19 25 20 26 5 1 2 27 21 6 22 7 31 8 28 9 33 10 11 32 12 29 23 13 14 15 3 30 24 16 17 34 18 19 25 20 26 5 1
